
9905
10729
3974
8290
28304
23758
16554
11946
41047
33743
8364
5063
20676
17724
17500
5824
271391
83531
24109
23235
2019-06-20T08:08:55.245+0200	INFO	sound-exporter/export.go:164	peak collected	{"time": "2019-06-20T08:08:55.245+0200", "vol": 126343.66666666667, "avg": 44463.30739299611}
60176
34745
29932
40669
39604
18384
64989
116424
25255
14865
39130
263575
161542
41271
41546
21660
5770
23697
4184
2019-06-20T08:09:00.101+0200	INFO	sound-exporter/export.go:219	minute collected	{"time": "8:8", "avg": 48337.95744680851}
26767
30124
15513
14304
17846
14177
15146
9038
13599
16944